1000
-654280
-2032349
-2098947
65260
1507910
719957
522996
2621624
4194259
3341118
3145282
4587658
5373100
5897571
7208987
7994749
8518955
9962076
10093831
8455003
7733155
7930015
7996883
7209489
5832442
5702016
7273484
8649447
10027370
9961589
8387437
8453166
10027787
10027031
8519929
7276775
5111276
4456145
5572423
3932836
2424259
3277042
3407603
2488203
3932982
4718607
4324012
6683636
8848451
7994835
7013167
8062706
7208737
6684166
6686677
4719087
2162177
3408557
4196085
2030588
459845
656035
491
-1116
917814
590107
-720967
-720658
195690
787464
130930
-1966661
-2752172
-2621238
-2556091
-2556515
-1965064
-1376926
-393486
-64799
-459236
-1376494
-1375729
-590005
130502
787534
588999
196633
393930
851119
655804
655284
65570
-183
65355
590590
261409
-1507642
-588588
-459568
-1311167
-720270
131580
-1180375
-2818595
-1375247
197073
-655990
-787932
1967838
3671209
1833414
1964227
4131024
3539809
654817
-1311944
-2753189
-2162657
330915
-392838
-4263272
-4262038
-521562
1574689
1443457
-1215
-1510134
-723067
1640002
2820009
2032743
855179
-2622305
-6295807
-6098903
-3933583
-653311
3019568
3543567
1703208
2423563
4916514
4193764
2094803
650280
-1580223
-1510282
789543
1709212
1380500
591796
-128608
660384
1446463
723030
-65463
-328559
1181172
4986551
6558683
2817274
-1577063
-2624996
-3609002
-7415000
-13253522
-17582886
-18239483
-15813133
-12927032
-11156271
-10041331
-7547579
-1839359
4327642
7018229
6822639
6757792
6037807
4595637
2757730
-589337
-5378045
-8919791
-8920135
-6820905
-2556996
2297607
5578321
6824595
6101458
4065651
719460
-2690535
-4722955
-4658176
-3872617
-4134130
-2295452
2625239
6953985
7607795
5440393
2029185
-788883
-591755
-265986
-3152398
-6101711
-6099464
-5442337
-4260872
-258041
5516079
8796056
9123083
10828342
15878694
19812117
17646024
11808320
6822621
3739125
2625178
2296929
-1181739
-5838875
-4984695
-1048592
394540
65459
-592738
-1379973
-1962
2358922
2293537
62831
-2363107
-1506379
1578145
1708795
-1309159
-4065497
-6163954
-6227888
-3733711
-1702774
-1378498
524301
3474335
3933239
4130182
2882785
586883
654762
1510255
345
-1638470
-1180391
-1245937
-1245833
-63671
720826
523206
2228546
2818151
1965101
2426093
3670591
1374889
-656144
-652961
-1901386
-4129500
-3276835
-1833908
-2032257
-1966284
65674
1507198
1311392
719765
655830
1311131
1375730
2162617
2031900
590144
-721854
-654480
-65576
261478
-64883
-655344
-1311225
-1375882
-655023
-590805
-523303
-131398
327160
525168
720283
721060
655354
65695
-131061
64962
1180548
2949040
2685955
3277960
3407963
1965335
1376171
1966957
2162750
-1119
-1638319
904
1573601
-460874
-2424982
133120
1442474
128339
-65426
722085
-130057
-121
326769
-788961
-63916
2166176
1441826
-855768
-656274
25
1247744
3475732
3473514
1176544
-1779
720505
1243994
3411310
5050741
2033105
-1574924
-3477810
-3543472
-1181075
1773143
1575007
-786647
-784064
3433
921758
1051607
-3214790
-8461846
-8329425
-5114909
-2884345
-2426585
-3345432
-3408672
-1308556
330868
-456187
-2097458
-3016737
-980912
4071529
7611537
7216509
7480079
11809575
15613076
14891305
11938879
9051039
6361094
4591082
3476927
1967715
523456
-66122
527318
2563002
4661885
5382334
5250532
5250459
5250437
4594398
4068820
3608342
1639489
-1773132
-6629454
-12206629
-15683495
-14829486
-9906958
-3081509
2824897
6040476
7221257
8663490
10171908
10958614
9513635
5246873
389956
-1579833
-1252376
-1711590
-4532346
-8139141
-8793048
-6495200
-4984793
-5179553
-3996817
-1110213
-194046
-3147850
-6099160
-5967321
-5510556
-8268777
-12074078
-12795441
-11286247
-9054446
-6299323
-5645045
-6824623
-4787382
-915534
-915908
-3343548
-4131747
-3999809
-2817141
133434
2229791
2556016
2490245
3214697
4920777
4261331
652129
-2298661
-2886701
-654905
3017570
3803225
522402
-1638989
-587758
-1113982
-3145861
-4588916
-5507053
-4194140
-520987
1442430
1308722
2096758
2817606
3277320
4064219
3343176
1308663
131503
-1179240
-3604809
-3407839
-2489250
-3802737
-4325848
-1047028
-130618
-2016
2687746
4916095
3997445
3997196
3604717
1704371
851761
-655379
-2556410
-2948345
-1245403
-1180490
-654473
-458873
-1507984
-589335
65707
-524751
-589561
-65319
65326
589829
1507601
1376175
655130
451
-721220
-1310687
-720761
-459014
-1310341
-1508038
786958
2883761
1506211
525455
-257
-721513
590139
918075
-786630
-787590
1967589
3604332
2948823
1244420
905
1153
-1639988
-4326445
-3210052
-2488290
-4786791
-4195090
131780
2229765
2621261
2949046
1832265
2425011
5639445
5048215
-134478
-2951040
-2556155
-1964428
-1176805
-2555014
-4851896
-4787059
-2556097
-656861
2557629
7082775
6949425
3996869
1175781
-922154
-723868
1640781
2362720
-196700
-916113
593143
1576729
1642490
-1180781
-6232951
-7740436
-5247099
-2294987
-1115176
-1444755
-67399
2753919
4131831
3541978
1901382
325650
983153
4790775
6891001
5775227
6299495
9776614
12860151
12860316
10629440
8331505
7082670
6032837
4656738
